8
16
22
43
67
76
80
91
100
111
129
133
145
147
157
171
175
183
193
202
215
226
227
229
231
247
250
251
263
281
284
287
299
316
323
332
336
338
344
353
361
379
383
385
395
404
410
422
428
437
439
442
472
488
490
496
506
525
528
541
542
553
560
564
569
572
580
582
587
589
590
591
594
595
604
605
608
620
638
645
648
651
675
677
678
689
699
702
709
710
713
721
724
735
738
752
755
761
766
771
775
778
783
785
791
793
808
809
816
822
824
827
831
841
849
854
865
868
873
883
890
899
902
908
909
911
915
921
927
931
938
940
942
944
963
968
975
978
983
984
989
994
996
1000
1024
1027
1028
1032
1034
1046
1058
1078
1079
1080
1082
1088
1089
1108
1122
1128
1130
1139
1146
1148
1150
1151
1163
1174
1177
1178
1188
1189
1193
1208
1218
1239
1261
1264
1270
1272
1284
1295
1300
1304
1305
1312
1316
1318
1327
1328
1329
1342
1351
1355
1361
1382
1401
1409
1415
1418
1422
1433
1447
1467
1468
1474
1493
1498
1503
1513
1514
1518
1533
1534
1538
1547
1557
1561
1569
1573
1575
1576
1583
1594
1601
1604
1606
1614
1622
1633
1649
1670
1700
1702
1712
1723
1736
1752
1753
1758
1761
1770
1790
1795
1799
1802
1807
1808
1819
1834
1838
1846
1853
1856
1857
1859
1871
1877
1884
1910
1913
1938
1945
1948
1986
2002
2003
2007
2009
2022
2031
2050
2054
2058
2081
2098
2102
2104
2124
2125
2130
2133
2134
2136
2137
2141
2144
2162
2173
2181
2182
2189
2193
2210
2221
2229
2230
2234
2237
2252
2261
2297
2312
2320
2330
2332
2336
2339
2344
2350
2357
2359
2367
2369
2383
2388
2395
2403
2406
2418
2420
2443
2445
2446
2449
2455
2463
2472
2477
2478
2485
2490
2496
2500
2505
2507
2511
2514
2528
2534
2557
2561
2566
2577
2586
2589
2598
2612
2617
2618
2619
2634
2638
2644
2650
2651
2654
2657
2659
2692
2693
2694
2700
2703
2713
2718
2734
2739
2748
2758
2770
2787
2801
2802
2813
2816
2818
2836
2839
2842
2853
2855
2856
2857
2892
2894
2900
2903
2908
2984
2997
2998
3003
3009
3019
3021
3026
3036
3041
3044
3058
3072
3074
3084
3088
3094
3096
3101
3103
3122
3133
3138
3144
3152
3153
3158
3180
3184
3187
3222
3229
3241
3246
3258
3260
3266
3270
3272
3278
3280
3284
3285
3301
3308
3318
3326
3330
3338
3354
3360
3361
3363
3368
3377
3380
3389
3393
3398
3410
3416
3424
3425
3427
3457
3460
3464
3467
3473
3486
3488
3512
3518
3528
3537
3545
3557
3562
3565
3573
3590
3591
3600
3601
3604
3605
3607
3618
3621
3625
3636
3639
3643
3646
3654
3659
3660
3661
3673
3682
3702
3715
3719
3720
3721
3724
3726
3738
3745
3746
3763
3764
3779
3786
3787
3788
3800
3807
3808
3814
3819
3821
3836
3838
3842
3855
3901
3904
3905
3906
3908
3923
3931
3948
3962
3968
3969
3971
3975
3990
4017
4024
4027
4037
4041
4068
4071
4089
4090
4092
4106
4113
4122
4123
4142
4151
4152
4163
4167
4168
4172
4181
4182
4189
4192
4204
4210
4214
4215
4235
4237
4239
4279
4283
4288
4299
4313
4315
4326
4361
4364
4373
4395
4406
4417
4425
4444
4456
4462
4465
4476
4483
4490
4504
4516
4531
4534
4544
4546
4567
4578
4585
4605
4607
4615
4620
4634
4648
4654
4655
4673
4681
4683
4711
4712
4713
4721
4729
4762
4778
4784
4794
4806
4824
4828
4831
4838
4844
4850
4867
4871
4873
4874
4875
4879
4884
4898
4899
4903
4905
4912
4923
4942
4952
4956
4959
4965
4971
4974
4981
4983
4984
4988
4991
5007
5013
5017
5050
5062
5067
5081
5102
5105
5111
5119
5125
5131
5134
5141
5142
5156
5178
5201
5215
5226
5239
5242
5244
5247
5250
5259
5260
5277
5301
5311
5312
5314
5316
5331
5335
5341
5346
5347
5349
5357
5361
5363
5364
5373
5375
5376
5384
5393
5394
5417
5431
5438
5440
5454
5455
5476
5479
5488
5501
5504
5506
5514
5532
5537
5553
5565
5570
5573
5576
5585
5593
5596
5599
5602
5608
5609
5623
5630
5633
5636
5647
5650
5652
5653
5661
5668
5701
5710
5712
5721
5733
5791
5801
5813
5818
5825
5840
5846
5847
5856
5858
5873
5874
5885
5887
5888
5903
5929
5932
5944
5962
5970
5976
5977
5980
5991
5996
5997
6003
6007
6021
6025
6028
6032
6033
6053
6056
6058
6059
6069
6070
6073
6094
6104
6111
6112
6143
6152
6162
6163
6183
6202
6217
6228
6238
6262
6268
6272
6280
6300
6305
6321
6331
6334
6336
6342
6346
6349
6364
6369
6370
6378
6384
6403
6405
6421
6424
6430
6441
6447
6455
6456
6461
6462
6468
6470
6474
6479
6487
6498
6502
6506
6507
6515
6522
6531
6541
6547
6562
6565
6573
6580
6597
6599
6601
6620
6626
6632
6634
6635
6636
6651
6662
6663
6664
6666
6668
6696
6716
6729
6750
6752
6758
6764
6791
6800
6801
6803
6808
6814
6817
6829
6836
6839
6844
6854
6861
6873
6879
6896
6904
6918
6929
6935
6946
6961
6964
6973
6974
6980
7007
7014
7020
7025
7026
7029
7033
7049
7055
7059
7072
7078
7088
7089
7099
7103
7116
7124
7128
7129
7133
7148
7149
7158
7166
7180
7183
7201
7206
7218
7248
7258
7279
7296
7297
7301
7303
7313
7317
7325
7327
7341
7345
7366
7370
7376
7399
7400
7409
7418
7421
7422
7428
7454
7471
7484
7493
7509
7525
7557
7559
7571
7576
7580
7581
7590
7596
7612
7620
7622
7634
7642
7652
7664
7682
7683
7688
7695
7702
7705
7707
7713
7742
7767
7768
7769
7780
7781
7783
7790
7807
7824
7830
7856
7859
7863
7866
7871
7874
7899
7904
7906
7910
7912
7921
7935
7944
7947
7948
7960
7964
7978
7979
7992
7996
7999
8004
8009
8011
8021
8032
8051
8055
8056
8074
8092
8096
8101
8118
8131
8139
8140
8143
8150
8167
8168
8169
8172
8181
8191
8194
8200
8201
8204
8220
8235
8240
8242
8247
8253
8263
8273
8276
8289
8291
8292
8296
8298
8304
8318
8320
8324
8325
8331
8343
8348
8354
8359
8361
8363
8376
8389
8391
8394
8405
8419
8422
8424
8432
8439
8442
8443
8446
8453
8458
8465
8474
8478
8486
8489
8492
8529
8531
8537
8538
8551
8580
8594
8615
8624
8652
8657
8661
8681
8682
8729
8732
8735
8738
8767
8770
8787
8802
8830
8845
8853
8864
8865
8866
8869
8877
8881
8892
8900
8903
8910
8921
8930
8950
8969
8971
8973
8976
8981
8982
8998
9015
9018
9023
9027
9063
9065
9072
9083
9091
9098
9104
9113
9129
9135
9152
9156
9165
9186
9194
9198
9199
9209
9218
9224
9226
9230
9247
9257
9259
9275
9280
9288
9303
9313
9331
9338
9350
9355
9362
9365
9367
9377
9380
9381
9385
9387
9398
9410
9428
9436
9438
9470
9472
9476
9480
9484
9488
9489
9491
9503
9504
9507
9508
9517
9520
9543
9546
9554
9566
9569
9588
9592
9593
9594
9595
9601
9613
9629
9635
9645
9652
9656
9661
9677
9699
9704
9711
9712
9716
9727
9741
9751
9752
9765
9790
9796
9800
9812
9821
9833
9834
9850
9872
9874
9878
9880
9893
9906
9929
9936
9956
9970
9976
9986
9994
10018
10025
10045
10055
10059
10066
10073
10079
10090
10093
10100
10108
10110
10116
10120
10123
10130
10139
10144
10148
10150
10152
10155
10158
10161
10178
10188
10194
10200
10201
10214
10225
10233
10274
10276
10283
10289
10293
10301
10311
10312
10317
10324
10334
10353
10391
10411
10461
10462
10463
10468
10472
10475
10479
10485
10487
10505
10530
10537
10541
10544
10548
10551
10554
10558
10568
10575
10601
10608
10611
10612
10613
10626
10633
10635
10665
10666
10667
10672
10676
10681
10690
10709
10728
10756
10768
10779
10780
10782
10783
10785
10793
10794
10798
10803
10809
10811
10833
10847
10862
10873
10882
10891
10893
10895
10923
10925
10935
10960
10962
10971
10974
10985
11004
11008
11034
11040
11049
11050
11061
11075
11078
11083
11084
11092
11095
11102
11125
11128
11135
11159
11162
11164
11176
11205
11237
11239
11244
11247
11248
11251
11255
11263
11291
11292
11295
11297
11302
11305
11327
11329
11336
11340
11351
11354
11376
11416
11428
11434
11436
11439
11451
11452
11453
11466
11467
11476
11483
11489
11494
11497
11506
11531
11535
11538
11549
11561
11563
11568
11570
11574
11577
11583
11607
11613
11623
11624
11652
11653
11656
11658
11661
11663
11668
11672
11679
11685
11687
11688
11689
11696
11709
11710
11731
11733
11752
11770
11771
11774
11778
11784
11786
11787
11792
11795
11800
11812
11828
11853
11875
11878
11887
11888
11896
11902
11903
11904
11912
11914
11915
11922
11929
11950
11952
11954
11959
11962
11999
12002
12019
12020
12033
12069
12071
12081
12087
12093
12096
12098
12101
12116
12120
12124
12127
12133
12139
12146
12149
12157
12159
12164
12168
12169
12178
12192
12201
12208
12209
12213
12214
12233
12248
12274
12278
12281
12292
12297
12311
12315
12349
12350
12351
12356
12359
12368
12371
12372
12377
12382
12384
12387
12401
12403
12411
12416
12420
12426
12438
12440
12445
12458
12466
12485
12489
12491
12502
12516
12523
12528
12529
12548
12564
12591
12592
12601
12614
12620
12627
12649
12651
12656
12657
12658
12665
12669
12671
12672
12673
12686
12696
12703
12705
12710
12721
12722
12726
12727
12738
12745
12757
12762
12773
12784
12787
12791
12812
12815
12820
12831
12833
12835
12842
12854
12864
12882
12893
12900
12917
12928
12931
12935
12939
12950
12960
12961
12972
12973
12974
12980
12981
12991
13022
13032
13039
13042
13060
13071
13082
13085
13091
13092
13100
13103
13124
13125
13144
13157
13158
13160
13165
13166
13176
13180
13189
13206
13208
13245
13260
13262
13274
13277
13278
13282
13284
13292
13293
13316
13326
13338
13347
13352
13377
13378
13403
13407
13421
13426
13428
13450
13452
13469
13470
13475
13478
13480
13487
13509
13514
13519
13532
13533
13551
13588
13593
13594
13598
13610
13614
13618
13635
13637
13641
13645
13652
13654
13656
13661
13677
13678
13697
13698
13703
13706
13710
13729
13739
13741
13743
13755
13762
13764
13766
13769
13773
13774
13789
13793
13803
13805
13811
13817
13827
13835
13838
13845
13847
13850
13878
13896
13902
13905
13908
13909
13910
13915
13918
13920
13926
13948
13952
13953
13954
13957
13959
13978
14006
14008
14022
14036
14037
14041
14050
14099
14102
14131
14136
14146
14148
14156
14164
14167
14178
14191
14204
14205
14207
14216
14220
14223
14231
14237
14239
14241
14243
14245
14264
14269
14274
14278
14294
14309
14313
14314
14349
14354
14365
14374
14387
14396
14401
14406
14409
14417
14454
14456
14457
14466
14467
14469
14514
14528
14533
14550
14559
14561
14567
14569
14581
14583
14593
14596
14603
14607
14616
14621
14641
14645
14648
14649
14651
14658
14661
14665
14667
14669
14672
14679
14683
14694
14739
14740
14743
14749
14753
14762
14771
14780
14794
14805
14811
14816
14820
14821
14848
14870
14879
14881
14882
14888
14895
14917
14919
14934
14935
14936
14937
14939
14942
14955
14962
14964
14970
14985
14987
14992
15009
15028
15046
15058
15059
15068
15071
15073
15091
15122
15123
15125
15132
15133
15135
15146
15147
15150
15154
15161
15182
15184
15185
15199
15206
15207
15208
15227
15232
15242
15258
15276
15280
15294
15303
15311
15315
15324
15340
15341
15346
15353
15358
15381
15384
15387
15400
15409
15411
15431
15438
15439
15447
15463
15465
15471
15473
15476
15491
15495
15500
15510
15523
15526
15535
15537
15538
15542
15563
15567
15569
15571
15580
15597
15617
15620
15623
15636
15643
15649
15653
15657
15661
15673
15678
15684
15726
15730
15732
15735
15736
15739
15743
15749
15758
15772
15777
15805
15824
15829
15839
15847
15850
15853
15862
15865
15888
15891
15893
15910
15930
15940
15956
15960
15963
15966
15971
15994
15996
15997
16005
16013
16020
16028
16030
16056
16078
16081
16088
16094
16098
16100
16104
16121
16127
16132
16140
16142
16166
16195
16199
16205
16209
16210
16226
16240
16249
16250
16262
16269
16270
16274
16276
16289
16306
16325
16326
16329
16347
16366
16368
16384
16403
16409
16412
16420
16433
16435
16438
16440
16485
16490
16502
16503
16504
16509
16513
16518
16551
16554
16556
16588
16598
16602
16605
16608
16613
16623
16633
16646
16647
16649
16650
16653
16662
16666
16668
16672
16677
16680
16687
16712
16735
16737
16740
16750
16758
16766
16773
16775
16779
16781
16783
16788
16813
16835
16842
16855
16856
16859
16862
16877
16880
16883
16895
16900
16908
16912
16915
16918
16934
16939
16945
16957
16959
16961
16965
16967
16975
16990
17002
17003
17008
17028
17042
17044
17046
17057
17066
17068
17074
17076
17099
17101
17103
17109
17116
17127
17133
17137
17140
17148
17162
17169
17172
17190
17191
17195
17196
17199
17204
17218
17224
17227
17233
17239
17240
17252
17264
17285
17289
17298
17301
17303
17308
17315
17316
17317
17353
17356
17358
17360
17364
17377
17380
17397
17407
17413
17425
17438
17453
17475
17476
17480
17483
17496
17501
17527
17531
17565
17579
17585
17589
17603
17608
17612
17623
17633
17636
17639
17642
17646
17689
17692
17705
17712
17717
17718
17724
17726
17739
17751
17752
17754
17764
17782
17783
17806
17819
17834
17847
17850
17854
17856
17858
17861
17867
17872
17882
17885
17887
17891
17895
17908
17915
17922
17943
17952
17968
17983
17989
18000
18003
18006
18017
18019
18020
18025
18030
18037
18043
18053
18055
18058
18065
18068
18079
18080
18095
18099
18100
18103
18104
18107
18114
18120
18123
18136
18148
18168
18173
18181
18191
18192
18195
18202
18216
18223
18233
18234
18247
18255
18317
18323
18329
18357
18363
18390
18409
18418
18428
18443
18450
18453
18461
18471
18489
18495
18502
18506
18510
18529
18538
18539
18543
18557
18571
18580
18582
18593
18595
18598
18626
18634
18642
18646
18654
18662
18674
18677
18685
18697
18715
18746
18747
18749
18754
18764
18776
18777
18781
18784
18797
18799
18804
18819
18843
18845
18852
18876
18877
18891
18899
18904
18909
18911
18913
18917
18927
18964
18973
18974
18988
18991
18993
18995
18997
18998
18999
19007
19010
19011
19012
19034
19036
19045
19061
19066
19075
19083
19084
19085
19090
19117
19120
19129
19132
19152
19158
19175
19195
19204
19210
19212
19222
19224
19245
19251
19256
19260
19262
19282
19286
19289
19305
19312
19314
19326
19328
19329
19331
19333
19355
19363
19372
19377
19378
19409
19410
19412
19423
19443
19447
19451
19468
19472
19481
19484
19488
19489
19503
19508
19509
19514
19521
19528
19564
19579
19601
19611
19626
19634
19646
19663
19664
19683
19688
19703
19708
19720
19722
19733
19739
19745
19773
19777
19779
19781
19784
19786
19787
19804
19805
19813
19817
19826
19827
19843
19847
19848
19850
19853
19855
19859
19864
19883
19886
19911
19928
19941
19942
19946
19960
19967
19975
19978
19985
19987
19990
19998
20004
20011
20013
20024
20049
20054
20059
20073
20085
20092
20093
20101
20117
20129
20138
20139
20142
20144
20146
20163
20167
20177
20194
20213
20220
20236
20237
20240
20249
20250
20277
20278
20285
20287
20288
20293
20304
20315
20319
20329
20336
20337
20341
20361
20363
20369
20372
20379
20382
20386
20392
20401
20415
20430
20432
20443
20447
20448
20460
20487
20495
20499
20515
20520
20525
20531
20546
20547
20548
20555
20557
20559
20570
20575
20578
20580
20584
20594
20596
20602
20604
20605
20611
20621
20634
20643
20647
20653
20661
20668
20670
20671
20674
20686
20702
20714
20721
20728
20737
20754
20760
20771
20775
20797
20798
20817
20826
20841
20852
20859
20875
20879
20880
20884
20885
20887
20888
20896
20906
20907
20908
20920
20928
20944
20951
20954
20959
20961
20966
20978
20979
20997
21000
21002
21010
21016
21034
21037
21050
21054
21082
21084
21088
21091
21094
21095
21102
21104
21119
21120
21128
21135
21140
21142
21148
21157
21158
21164
21173
21182
21196
21202
21207
21218
21226
21230
21234
21243
21253
21254
21266
21282
21283
21284
21289
21297
21299
21301
21308
21309
21318
21321
21323
21328
21351
21354
21368
21371
21372
21395
21397
21415
21427
21431
21434
21442
21458
21459
21465
21468
21470
21473
21486
21490
21503
21504
21505
21508
21509
21511
21516
21517
21527
21530
21537
21555
21581
21585
21593
21602
21609
21621
21650
21651
21660
21668
21671
21702
21713
21733
21743
21756
21764
21773
21774
21779
21783
21793
21811
21813
21820
21834
21840
21846
21854
21874
21879
21881
21889
21900
21907
21917
21934
21938
21957
21988
21991
21995
21996
21997
22002
22016
22022
22040
22049
22058
22059
22069
22077
22088
22091
22094
22105
22117
22119
22123
22129
22134
22149
22156
22163
22171
22180
22183
22185
22197
22202
22206
22213
22229
22244
22249
22256
22257
22261
22266
22278
22283
22300
22315
22318
22329
22333
22341
22344
22347
22351
22373
22377
22382
22386
22396
22401
22419
22423
22426
22431
22432
22433
22443
22456
22461
22468
22492
22512
22531
22542
22562
22566
22568
22572
22579
22586
22591
22597
22614
22619
22628
22633
22645
22646
22651
22658
22668
22676
22681
22684
22687
22689
22691
22710
22713
22716
22722
22726
22729
22730
22732
22756
22766
22780
22786
22799
22800
22810
22827
22831
22833
22836
22840
22842
22850
22859
22862
22866
22872
22878
22882
22895
22896
22902
22908
22911
22912
22913
22917
22923
22926
22928
22942
22946
22954
22967
22976
22984
22989
23034
23049
23063
23065
23068
23087
23091
23095
23097
23100
23103
23142
23149
23161
23166
23202
23215
23219
23222
23223
23234
23246
23254
23262
23269
23276
23279
23287
23288
23290
23301
23308
23314
23327
23328
23348
23370
23373
23375
23377
23390
23411
23415
23416
23428
23440
23449
23460
23474
23487
23491
23521
23524
23535
23537
23549
23557
23559
23562
23566
23571
23576
23577
23587
23593
23605
23610
23618
23627
23629
23633
23634
23642
23643
23651
23661
23665
23667
23673
23676
23677
23692
23697
23713
23718
23740
23750
23753
23761
23772
23777
23795
23803
23805
23808
23814
23827
23828
23851
23852
23860
23879
23895
23905
23911
23928
23930
23937
23940
23941
23945
23950
23951
23960
23966
23971
23986
23988
23993
24002
24029
24039
24040
24074
24076
24089
24092
24094
24101
24103
24104
24106
24111
24121
24142
24154
24157
24174
24181
24185
24187
24196
24202
24207
24232
24234
24241
24249
24253
24254
24255
24269
24273
24278
24279
24293
24295
24308
24309
24311
24312
24329
24331
24354
24356
24365
24367
24371
24411
24433
24441
24461
24462
24466
24488
24512
24522
24536
24539
24551
24555
24564
24565
24570
24573
24577
24589
24591
24594
24617
24619
24621
24657
24662
24680
24685
24686
24687
24694
24699
24701
24704
24712
24720
24726
24733
24745
24758
24768
24769
24790
24800
24808
24812
24816
24819
24821
24822
24847
24852
24859
24882
24893
24897
24914
24918
24920
24923
24930
24935
24954
24962
24965
24967
24974
24982
24987
24990
24995
25007
25031
25069
25071
25072
25082
25085
25089
25093
25103
25107
25108
25109
25111
25124
25149
25150
25151
25155
25162
25179
25183
25187
25196
25200
25211
25216
25217
25231
25237
25243
25251
25259
25262
25264
25274
25279
25281
25290
25312
25314
25317
25321
25325
25327
25330
25333
25336
25338
25343
25345
25351
25356
25362
25364
25380
25392
25405
25429
25431
25440
25441
25444
25465
25468
25484
25490
25504
25506
25522
25530
25544
25546
25547
25551
25559
25560
25566
25568
25569
25582
25586
25593
25595
25603
25605
25606
25620
25628
25648
25655
25658
25659
25672
25687
25696
25702
25715
25738
25739
25745
25750
25761
25767
25773
25781
25800
25818
25836
25857
25864
25869
25871
25875
25877
25878
25881
25890
25891
25894
25896
25901
25907
25908
25909
25910
25912
25916
25920
25926
25930
25931
25937
25939
25943
25948
25956
25963
25970
25976
25989
26033
26038
26039
26040
26055
26060
26067
26095
26098
26109
26117
26118
26141
26147
26151
26154
26157
26158
26177
26184
26189
26199
26201
26203
26224
26229
26231
26236
26238
26257
26269
26270
26280
26291
26293
26299
26304
26311
26314
26321
26322
26327
26328
26340
26346
26352
26358
26369
26385
26411
26415
26420
26430
26456
26457
26476
26491
26492
26505
26507
26528
26532
26540
26543
26544
26556
26558
26559
26566
26581
26583
26586
26591
26592
26597
26610
26613
26619
26621
26623
26641
26644
26649
26654
26657
26678
26689
26691
26694
26697
26718
26719
26722
26725
26728
26734
26750
26755
26763
26782
26794
